50 150
11 20
13 8
29 44
14 43
12 20
42 26
45 26
20 31
36 21
13 1
42 13
17 40
6 37
49 41
30 32
21 50
1 36
4 14
23 8
2 9
30 1
6 12
6 19
23 3
24 37
30 16
7 37
13 18
33 34
18 35
23 36
10 42
47 4
25 29
1 6
23 33
21 33
31 22
16 5
24 48
21 32
23 16
18 23
33 7
7 25
30 36
47 43
3 39
17 41
31 40
8 39
31 4
39 32
19 14
43 16
9 36
3 47
27 3
44 30
40 30
4 37
16 18
22 36
50 13
48 3
13 41
3 33
10 19
7 34
19 44
12 43
41 22
31 16
25 48
16 4
22 27
28 43
17 30
27 4
32 37
30 8
46 32
38 10
19 11
21 30
19 5
4 2
34 1
28 5
13 24
17 25
40 18
42 16
33 30
17 37
9 3
45 48
29 37
29 11
40 32
15 38
49 18
31 10
5 38
2 46
17 42
7 49
32 35
29 17
6 11
38 12
9 34
15 35
25 21
27 34
7 22
9 48
42 34
49 14
35 8
47 50
45 25
28 36
12 21
29 7
23 11
39 36
14 36
23 34
5 41
17 33
43 29
27 18
23 44
40 44
48 50
13 33
21 45
37 47
28 15
1 10
46 7
10 28
3 19
45 41
43 26
21 5
20 22
39 22
1 23